⁸10 ,&PPSTOLARUM'Mk-wm 1542. . · 814
1111 811181 &machmam &mmmm · · mn 111111111611116611 1111136161 1116116166,

166111 tu 1116111111 661 11161111. me 11111116161661116611116

'W mmm Qtfflwbbm 1ι 1111111111 NJlffi [11116 61115111 616 11. 1111111 1544, 161161 Uuanflflssssss‘

111116) 1116116 1616611611 1166 66151611 mig
115111 1161111, 666 16166611116611 661116 66116
6611666116661116, 11611111 1661, 11111 1111116
1111116111 11111 111116, 61111111161116 611111, 1611

1111611111ῗτ1166 111 66111116161161111111111111111611 grumis
111116 &arethe 661 6616111166111 m 1616161111 r 116

e frfflm 1111111116 ’16611116 ι 6116111111. 1166

111111, 61116 1111161161161, 611111116616611661161116

11116116 holm 611611. Sina 111111111111116166116161611111)
1116111161 111 bet 1116116111.

111111ἵ11119 ΝΡ ΘΜ mit δεῖ mmmmm! m 611 erm (1111161616116 611 bet 61111116 1111111611 1111161
116161161161611661116616111. 1161 11161116 111 m 1161611616,

6111 11666611, 161 1116111111 6116166661 1615116
1161116 66666616 61111. 111) 1111.161),16111)6.
1. 51. 116 61111116111611 6116111ίί6111 11119111τί
5111116116τί 16 (111111611691111 11166116 611116,
161 111116 6111111111 16 111611ῧ6611111 11161116 1611116,
116666616116661 1111111116.

1111161191 id) w. 51. 661111116191111 16611116,
111 1111111111 (111116616161 6611116961ῡί1
6111111611) 1111116111 11161666 11111 361616
11611616. 1111111 6611 1116111661 16111 611111
111, 111111 111, 111 et 1111) mit 111 Scit 16 1811.
61161116 1161111 1111161166 111116, 1111611111) 1116116.

51 ist 116116 616111 611111 6161111111 166
11111119 111111, bet sid> 661161 &nmium 11111166
11111116, 166 1111111111 (111116616161 1611111111
1111161111166111, 111111 bewe, bitte 11), 1661116 11.
1. 11. 311 9611111111) 111116 11161116 1166

11111 1111111 6111111111 1161691 1161111116 616 men
166 ἓ161161611111916, 661 1111186161 661616 1616

111161 1111111111, 61111161166111116116661 ’

1.1.1.1111111>166611116 11661111 11116, 161 111
11161661661111116161 166616 1611116 16111111 16166

111116 311166661616116666161116 11161116,
1111 1191111661161616, 16 1111611616 aad), 161116
11611111116111611 1666616111 6616166116 [en. 111611
1111111 1161111 11161 1111616 616 1661111661 611116.
71111111ωὲ) 161) ΕΜ. 61111111. 111116111111111111
. 111 2.

st· t· a· 6661111666 1111611
6111116611111661166.

1116661661 ¹ ⁹

61 uh 1666 te: 116 11161 16 1161616661 amr.
161 1111661111 666 16 116 11116616 nacte· 1166611661 111

&Qua 6111 1161 11611 1111111161 m 11611116 1116 11161

⁴ 1111 666 busca 11116611 111 Sub: 1141, 6616 tm 111616
666196111161611 11111116 61166611 16 1661611616,
6116661666, ἳ11611111, 11 1166616111, 61111116661161116
ξξ11111111111111“11111111”111“11111 111

1) ,111619 6611661, (1116611661 wimaro
1616) 611 1111161116 116161. &t 66161 -im Sabe
1564 menen 111111ιί11111 611 666 &emt 666 bes
1661111 61111161 l). 161111116111616 1111111111 666
11111 fid) 611111616811611661 66 11113111.
(M 1161116 1166111 611161 666 1161, 661) [eie
1111 muge 66 1161111161 11111111161611111.)

2) Θ1661116611116166111611, 11611161 111
1111616111, 1161161545. ’ ·

6) 6111111131611. 111111111361111111611., ·

gibng 16 11611ὲῖ554 666 bet 1111161111, 11111
4)αξ1ε11111111ἀ11161111611(6166111116616
111..111111111111111

5) 1111611616 1161616111, 66116116111611111
tet 6115111111, 6111 1546111 116161 1111611) 16
[ciuem 1861611611.

6) 11116161 11116111 (obet 11116116), 11116
6116611116161111616 11161111 166111611111611 .
1116111166 Θ611111, 6611611111 116 3611Ι 15411 in
11111661611 661 61611616116111611611116111161
. 1611161696 1161161611· 3163611 1551111111
et 161161666111111611111, bie 16 61616666
11111169, 661161116111166361116611111 16116.

1) 3611663116)ἷέεὲ3 11))υὲοέ bobr fssetebfgffvtfeiitte,
w: ‘angor 11 111116 1

1) macne 66611, 661. 611, 911 nn
8111 154611. ’

9) 811111666161111,1116111961. 66111,
666 6111116161 61116191, 1615611 1647 111111
116111 1611161 111 [einer 111111611611116116 66
geu 1111611111) 16116 61616616 &t 11611 611
111116611ίῇ66 1161116 16 11111661.

10) &acob 11111161, 1161111161, gina 116
31111646661118111161119. . Ι ’

11) 1161666 1161116661, 11161. 111111, 116]
1613111 1615 61111161, 1161111116 11161116

 

