111 'EPISTOLARUM 1111111111. 1541. 5⁸0

111111 11111111111111111111111111111 1111 111 1111 1111 11111111 1111111111111111111111 ⁴
1111111 11 111. 111 1111 1111111111 1111111111 111111111111111. ·

11111111 1111111 1111111111 111 111 1111111111· 11 111111111111111111111111111111111. 111 ’
uo, 1111111 bem 111111 11111111 111111 1111111111 me„ ganbssmf mmmm ›
111111 111111 1111111111. 111 1111111 &thuben [dmpts

111111111111111111111111. 1111111111111111 , 1111111111111111111111111111111111111
- 111111. 1111111111 11111 1111111111 1111111, 1111111111

11111111111111111·’ 11111111 1111111. 1111111 111 1111 1111111111, 111

1111111111 11111 11111111111111. 111 1111111 ist moffi flefpsmt, „05 auf [0103e ssrmuung 1111111111

1111 1111111111 11111 111111111111111, 111111 111 cim mmm· ubet 23 m enm) „m 3455oe „on W
111111111111111111111111111111111111111111111ς 1111Θ1111111111111111111111111111111, 1111111111 . .
1111111111111111, 11111 11111111 111111, 1111111111 unbem m„ ὄπ finbm· m aad, bam) „uste Qut*
11111111 111 1111 1111 111111 111 1111 11111111 111111111111111111 11111111111111111. 11111111
111111 11111111111111111111111 111 1111111111. 111 1111111111 do ue des, mie⁸
1111111111111111111 uem, 1111111111111111 111111111111111 1111 111111111111111111, 111,
11111111111111111111111 11111111 1111111111 11111111 1111111 111111 1111111111. 111111111111111111
11111 11111111 111 111 111111 ,11111111 1111111111 11111 11111111. 1111111111113111111. 111111 111

111111 11 11111111 1111, 1111111· 1111111 1111111 mictu 11111111111111111111111111111111, menn
1111111111111111]111111111111111111111111111 mit 11111) 111111111118111 1111 1111111 (1111111111
111111111111111111111111111111111111111111111 §mmmm 11111, nub 11911, „afiunsfflifmnb ⁴
11111111 111111 11111· 11111 11 1111 1111111111 11111111 1111 concordatores 1111111111, 11111111 (1111111111τῖ
11111 11111111 11111111 111111111111111111111 11 1111111111 11. 111111111111111111111111111111. 1ο
1111111111111111111111 ,111111111111111 1111 111 11111111 111 111111 1111111 1111111111 11111.
111111 111 11111111 111111 ,111 11111111 1111111 1111111111 1111 11111111. 111111111111111111111

1111 11111111 111 1111111111 11 1111 11111 1111111ς 11111 1111. 311111 1111111111 111111. 111 111 111111

111 1111 1111111111 111111 111 11111 1111 111111 11111 111111111111111. 111111111111111111111 Qud) 11111
1111111111111 111 1111111111 1111111111 1111111 111111111111111 11111111 111 britte 1111 1111111

111 1111111111 1111111111 11111111. 111111 1111111 11111111111111111111111. nb 1111111111 11111111 .
1111111111 1111111116111111111111111111111111111. „nb mie eg gemmet! mig fd) nst· 11 1110111111

11111111 111 1111111111 11111111111111111111 1111. Μ) Μὴ „52 „it δη „mm
1111111. Deua 11111111 1111111111 1111111 111 11

11111.1111111111111111111111, [1111111111 11111111111119110111111111111111 1111111 ’ ,
1111191191, 11111119111115111111, 0³5 „uste 11111111 1111111111111111 1111111111111, 111 1111

sitam 1111111111 metm, Item, ,5 mate md„ δη 1111111111111111111111111111111111, 1111 111111

mmm! 1111111111 &rumano unsre„ Mem „nb 1111111, 1111111111, 1111111111111111 1111111111
1111111111111111111111111, 1111111111111111111. . 1111111111 11111111. 111 11111 1111111111,

1111 11111111 111111 11111 1111111 1111111111111111 1113111ἶὲ
111111111111ἔ1111113111 131111ῗὲ1911 1111111 ἰῇθῒὶἒζζῗέ 1111. 19111 11111111111111111111111111111 11111

111111111111111 1111111, 1111 1111111, 11 1111111111 111111

111111. 1111111 1111151111 11111111 1111 11111111 m„
11111111 11111111111111111111111111111111 , .

111111. 111 1111111111111111111111 1111111111. 111 1112136. 11. 1u1.
1114111111111111 111111, 111 11111 bet 1111111111 *⁴⁹⁹ Μ
1111111111111111111111111111111111111111, vom Imperator ad Ordines Imp.
&spemn 111 &mmmm 111 bet 1811111111 Satis- 1111111ιί1 1111111 actia 1111111111 germanicis 1111811. repeti·

factio, 101 1111111111 13111111 1111111111, 1111111111 uun ab·}10rtledero in libro de bello germ. p. 439. et·
1111111 1111111111. 11111 1111111111. 111 1111111111

11111111111111111 bet 1111111111111111111111. mmm, deluummmdmffiw’ mmmm, ·
111 111 11111111111. 111 1111111111 11111111. welz mr 11 apographo 111.

 

