111 EPISTOLARUM mn. vul. 1611. 6⁸2
1111, 1111111111 1111111111 1111111. 1111111) 111 111 1111 11111· 11111 1111111) 111 11111111 11111111)

1111111 1111111111111111111111111111111 1111111,111111111)111111111)11111111, 1111111111 ι

11111111111111111111111111111,11111111 155111155111111115111 511511· ’
1111111 1111111, 1111 1111111111) 11111111 1111111, 5111111 111111111111111111. 111 1111111111
111 111111 61111111111111 111. 111111 111) 111) 111· 111111, 1111111111, 11111111 11111111111111111
111111119111111. 18111111 1111111111 1111111111 11111111,111111111111111111111111111111111,
111111111111111111111, 111 111 111 111111 1111111111 1111111111111 1111111111, 111111) 111111, 1 1111
1111111111111111111111 1111111, 111 11111 1111 11) 11111111. 11111111111111111111111111111111
11111111 111111, 111111111111111111 11111111 111, 111 1111 1111 11111, 1111111111111111111
1111111. 11111111111111, 111 1111111) 11111111 11111111

11111 1111111111111, ,11111111111111 111 ”²¹⁶ 5⁰ 1115555) ‘¹¹¹1 511 1111555111111115151111

numi 11111111111111111111111, 111 1111111111) 5¹¹⁵¹ffi⁰³¹⁵⁰¹¹e 551551·

11111111 111 11111111 1111111111 1111111, 11111111) 1111 θα mit 111 511111111111111111111111111
111 1111111111, 111 111) 1113111 111 1111111 111111 11115 5511 1151151111111111111111111111, 111 111)
1111. 1111111111(1111111111111111111,111111 θ1111111110111111111111111111. 1111111111111
1111811) 111 1111111 1111111111111111111, 11111 1111 1151515111 11111111111111111111 51155 151115
11111111 11111111, 1111111111111011111111111111. 1115111111 5⁰1¹&- 351111 11515111 111) 1111111111 111
1111111111, 111111111111111111111 numus, 1111, 111111111111111111111
1111 11111111 1111 111) 1111111111, 111 &den 111 1111111 111 111111111τῶ1 1111 11111111 1111111
1111), 11111111 1111111, 11111111 1111111,ι 111111 1111 1111111 111 111111 51111111 11511511 151511 1111181111
111) 1111111 11111 111111 111111. · 11111111, 111 1111111) 1111 Concordia 11 111111. 11111
· 11 11111 11111111 111 1111111111 ’1111 11111111111111,1111111111,
11111111, 1111111111, 11 11111), 111 5111115111 1111115111 51 1111511 11111111·
11111) 1111111) 11, 1111 11 1111111111111111111111111 3²⁸⁰ mmm 5555555511 m ⁰¹¹ ”¹²¹ 55555551 '‘¹4¹²“
11111111111111111ῑ1111131111111111 1111, 1111 ἱῗὲεδὲϊέῠωξυᾟέῐᾞέᾝῖἓξὲ Qum baama&
111111111111111111111. . ,1. . , , 1

b 151515151115511111111111 1115ξὲῗῖ 115515111ῗῖ ξῧιῗπωῗέπῑιῗέῑῗ 2322}
111111111111111 11111111 111111111111111111111191..11,
11111 5111511111 511 11111111 516 M) 111111· 11111111111111111111 1111 111 1111111111. , 11111 ,

11111111111) 11111111 1111111111111111111 1111111111 81111111 11111111 181111 11 1111 1111111
1111111 111111111111111111111111111111111 1111 11111 11 111 ,1111111 111, 1111111111 11 111111, 111
11111) 111111 181111111111111111111111111 1111 11111 1111 (11111111 1111 111 111 111111111111111 ¹item, 1111·
11111111, 111 11) 1113111111 1111, 11111111[11111] 1111111111 1111 11) 111111111111111111111111111
111111) 1111 11111111 1111111 1111111111 11111111 111111111111111. · -
1111111111 1111111111 1111 111Τ11111111111111ἰ11ἱο, &as 11οη niffen mm bam„ mit W disputatio·

‘mmmbumttstssffl Ε11· 55119511111111115311 111,111111111111111111111111111111111111 ,

11111111 1111111 11 11111 111111) ein 1811111151 111111111111111111111. 1111111111 111 11111 111111
11111111 1111111111 iustificatione 111 111111 aud) 111 11111111111111111191111111 111111, 1111 mid> &tam
11111111 11111111111115151· 5311111 θ10111) 111ῑῦ 111 1111111, 111) 11111111 111) 11111111 1111, 11111 1111
11111111 31111111 1111111511 5111θᾶ111 ,3551111115 111) 11111111 111 1111111111, 11111111 111) gu wite
1111111111111) 11111111 11111 1161111511 11111 1111 11111111 11) 111111 111 1111 11111111, 1111111 11
111, 111111111111111 11) 515111 1011150511111111 1111 1111111111 111 1111111 11 1111111) 1111111 111111.
11111, 1111111111 1111 111111111511111ῧ11611111 111111* 13111 1111111111 11111111 1111111111111111 11111,
We 11151 1151 511115561180111105151115151 5115 id) 1111 11 111111, 1111111111 1111 (11111111 1111111111
111111) 11111111 15115 1111511 5111515 1111115111 5115111 1111111111 1111111111, 111 1111111111111111111111
111111 111) ongaegum. 11111111111111111111111111111111111111. , .

1111)1)1111)Ε11111 111111, 11111111 111111) 111 111 1111111111 11111111) 1111 8111111 ·
11111 11, 111 1111111111111111, 11111 1111 1111 1111181111, 111 111 11111111111111111111111 11111

 

